[{"source_sentence": ["\u7ebd\u7ea6\u65f6\u62a5", "\u53d1\u8868", "\u8bc4\u8bba"], "target_sentence": ["The", "New", "York", "Times", "comments", "</s>"], "attention_matrix": [[0.0015787, 0.2266226, 0.7717987], [0.8981237, 0.038062, 0.0638143], [0.9941288, 0.0008284, 0.0050428], [0.8358846, 0.1008646, 0.0632507], [0.0249039, 0.3985066, 0.5765896], [0.0011104, 0.6942891, 0.3046004]]}, {"source_sentence": ["\u6211", "\u6765\u5230", "\u8fd9\u4e2a", "\u4e16\u754c"], "target_sentence": ["I", "came", "to", "this", "world", "</s>"], "attention_matrix": [[0.6999553, 0.2473319, 0.0441086, 0.0086041], [0.016724, 0.9409236, 0.032901, 0.0094513], [0.1645972, 0.6279203, 0.1272134, 0.0802692], [0.4247814, 0.0196451, 0.0719068, 0.4836667], [0.0393372, 0.1238876, 0.1457271, 0.6910481], [0.0368674, 0.0633883, 0.2597517, 0.6399926]]}, {"source_sentence": ["\u4e2d\u56fd", "\u662f", "\u8054\u5408\u56fd", "\u7684", "\u6210\u5458"], "target_sentence": ["China", "is", "a", "member", "of", "the", "United", "Nations", "</s>"], "attention_matrix": [[0.5431619, 0.1110387, 0.0448849, 0.2083153, 0.0925991], [0.0407611, 0.0526069, 0.6315568, 0.1693876, 0.1056876], [0.328899, 0.0785082, 0.1091458, 0.1086787, 0.3747684], [0.0101553, 0.0041773, 0.1189483, 0.130772, 0.7359471], [0.0447071, 0.0604523, 0.5746954, 0.1268901, 0.1932551], [0.7897306, 0.0482096, 0.0930561, 0.0337761, 0.0352276], [0.3485363, 0.0596928, 0.2138226, 0.133429, 0.2445193], [0.0222963, 0.1422897, 0.7438984, 0.0606454, 0.0308702], [0.0368674, 0.0633883, 0.6399926, 0.1404481, 0.1193036]]}, {"source_sentence": ["\u4e2d\u56fd", "\u56fd\u5bb6", "\u4e3b\u5e2d", "\u4e60\u8fd1\u5e73", "\u51fa\u5e2d\u4f1a\u8bae"], "target_sentence": ["Chinese", "President", "Xi", "Jinping", "attended", "the", "meeting", "</s>"], "attention_matrix": [[0.0910195, 0.062523, 0.6784652, 0.0567633, 0.111229], [0.0960827, 0.1419396, 0.3313857, 0.3611457, 0.0694463], [0.1003886, 0.1076416, 0.2649129, 0.4841559, 0.042901], [0.0928556, 0.0820409, 0.2223782, 0.294896, 0.3078293], [0.0006826, 0.0028393, 0.0163741, 0.0060606, 0.9740434], [0.4392682, 0.1229571, 0.0971248, 0.2481238, 0.0925261], [0.0010283, 0.0061976, 0.0023827, 0.0182402, 0.9721512], [0.0693047, 0.1418067, 0.0835296, 0.1792652, 0.5260939]]}, {"source_sentence": ["\u7f8e\u56fd", "\u7684", "\u5c45\u6c11"], "target_sentence": ["The", "residents", "of", "the", "United", "States", "</s>"], "attention_matrix": [[0.437429, 0.2915606, 0.2710104], [0.4118121, 0.129898, 0.45829], [0.5429931, 0.3218772, 0.1351297], [0.7270196, 0.1717686, 0.1012119], [0.6671363, 0.1013013, 0.2315623], [0.4589907, 0.3925163, 0.1484931], [0.5352408, 0.3582936, 0.1064655]]}, {"source_sentence": ["\u7f8e\u56fd", "\u603b\u7edf", "\u7279\u6717\u666e", "\u5ba3\u79f0"], "target_sentence": ["US", "President", "Trump", "announced", "that", "</s>"], "attention_matrix": [[0.086938, 0.780991, 0.0451072, 0.0869638], [0.0750967, 0.6833922, 0.144747, 0.096764], [0.1538283, 0.0448125, 0.7330285, 0.0683306], [0.0160876, 0.2337192, 0.0422949, 0.7078983], [0.0427201, 0.0837323, 0.8312739, 0.0422737], [0.2246907, 0.1578817, 0.4332459, 0.1841817]]}, {"source_sentence": ["\u8054\u5408\u56fd", "\u7684", "\u6210\u5458"], "target_sentence": ["members", "of", "the", "United", "Nations", "</s>"], "attention_matrix": [[0.0304345, 0.0680247, 0.9015408], [0.9861133, 0.0068768, 0.00701], [0.1116604, 0.1441952, 0.7441444], [0.5415806, 0.1425405, 0.3158789], [0.9812304, 0.0136629, 0.0051068], [0.963546, 0.0105083, 0.0259457]]}, {"source_sentence": ["\u4e2d\u56fd", "\u56fd\u5bb6", "\u4e3b\u5e2d", "\u4e60\u8fd1\u5e73", "\u53d1\u8868", "\u8bb2\u8bdd"], "target_sentence": ["China's", "President", "Xi", "Jinping", "delivered", "a", "speech", "</s>"], "attention_matrix": [[0.0116411, 0.0031098, 0.0600271, 0.0067948, 0.3542642, 0.564163], [0.0056814, 0.011024, 0.164261, 0.0583226, 0.0755142, 0.6851968], [0.016665, 0.0364899, 0.0932689, 0.0679431, 0.4688, 0.3168331], [0.0184308, 0.015999, 0.0576798, 0.0433707, 0.0981901, 0.7663295], [7.69e-05, 0.0003875, 0.0008485, 0.0001439, 0.7933317, 0.2052115], [0.2636397, 0.1489618, 0.1736384, 0.2764168, 0.1003579, 0.0369854], [1.65e-05, 8.5e-05, 0.0001115, 3.16e-05, 0.0965219, 0.9032334], [0.1145598, 0.2547425, 0.1366234, 0.2680588, 0.130366, 0.0956495]]}]